0.65 0.45 0 0 123
0.65 -0.45 0 0 123
0.35 -0.45 0 0 123
0.35 -0.45 0 0 123
0.35 0.45 0 0 123
0.65 0.45 0 0 123
0.0 0.5 0 0 170
0.5 0.5 0 0 170
0.49998457882239483 0.5039269504443556 0 0 170
0.0 0.5 0 0 170
0.49998457882239483 0.5039269504443556 0 0 170
0.4999383162408303 0.5078536586559104 0 0 170
0.0 0.5 0 0 170
0.4999383162408303 0.5078536586559104 0 0 170
0.4998612151090003 0.511779882416805 0 0 170
0.0 0.5 0 0 170
0.4998612151090003 0.511779882416805 0 0 170
0.4997532801828658 0.5157053795390641 0 0 170
0.0 0.5 0 0 170
0.4997532801828658 0.5157053795390641 0 0 170
0.49961451812036145 0.5196299078795343 0 0 170
0.0 0.5 0 0 170
0.49961451812036145 0.5196299078795343 0 0 170
0.499444937480985 0.5235532253548213 0 0 170
0.0 0.5 0 0 170
0.499444937480985 0.5235532253548213 0 0 170
0.49924454872526897 0.5274750899562228 0 0 170
0.0 0.5 0 0 170
0.49924454872526897 0.5274750899562228 0 0 170
0.4990133642141358 0.5313952597646567 0 0 170
0.0 0.5 0 0 170
0.4990133642141358 0.5313952597646567 0 0 170
0.498751398208135 0.5353134929655834 0 0 170
0.0 0.5 0 0 170
0.498751398208135 0.5353134929655834 0 0 170
0.498458666866564 0.5392295478639225 0 0 170
0.0 0.5 0 0 170
0.498458666866564 0.5392295478639225 0 0 170
0.49813518824647063 0.5431431828989617 0 0 170
0.0 0.5 0 0 170
0.49813518824647063 0.5431431828989617 0 0 170
0.49778098230154 0.5470541566592572 0 0 170
0.0 0.5 0 0 170
0.49778098230154 0.5470541566592572 0 0 170
0.49739607088086324 0.550962227897525 0 0 170
0.0 0.5 0 0 170
0.49739607088086324 0.550962227897525 0 0 170
0.49698047772758985 0.5548671555455227 0 0 170
0.0 0.5 0 0 170
0.49698047772758985 0.5548671555455227 0 0 170
0.49653422847746315 0.5587686987289189 0 0 170
0.0 0.5 0 0 170
0.49653422847746315 0.5587686987289189 0 0 170
0.49605735065723894 0.5626666167821521 0 0 170
0.0 0.5 0 0 170
0.49605735065723894 0.5626666167821521 0 0 170
0.4955498736829874 0.5665606692632762 0 0 170
0.0 0.5 0 0 170
0.4955498736829874 0.5665606692632762 0 0 170
0.49501182885827877 0.5704506159687913 0 0 170
0.0 0.5 0 0 170
0.49501182885827877 0.5704506159687913 0 0 170
0.4944432493722523 0.5743362169484615 0 0 170
0.0 0.5 0 0 170
0.4944432493722523 0.5743362169484615 0 0 170
0.4938441702975689 0.5782172325201155 0 0 170
0.0 0.5 0 0 170
0.4938441702975689 0.5782172325201155 0 0 170
0.4932146285882477 0.5820934232844315 0 0 170
0.0 0.5 0 0 170
0.4932146285882477 0.5820934232844315 0 0 170
0.49255466307738693 0.5859645501397048 0 0 170
0.0 0.5 0 0 170
0.49255466307738693 0.5859645501397048 0 0 170
0.49186431447476797 0.5898303742965962 0 0 170
0.0 0.5 0 0 170
0.49186431447476797 0.5898303742965962 0 0 170
0.49114362536434436 0.5936906572928623 0 0 170
0.0 0.5 0 0 170
0.49114362536434436 0.5936906572928623 0 0 170
0.4903926402016152 0.5975451610080641 0 0 170
0.0 0.5 0 0 170
0.4903926402016152 0.5975451610080641 0 0 170
0.4896114053108829 0.6013936476782562 0 0 170
0.0 0.5 0 0 170
0.4896114053108829 0.6013936476782562 0 0 170
0.48879996888239535 0.6052358799106529 0 0 170
0.0 0.5 0 0 170
0.48879996888239535 0.6052358799106529 0 0 170
0.4879583809693737 0.6090716206982713 0 0 170
0.0 0.5 0 0 170
0.4879583809693737 0.6090716206982713 0 0 170
0.48708669348492467 0.6129006334345518 0 0 170
0.0 0.5 0 0 170
0.48708669348492467 0.6129006334345518 0 0 170
0.4861849601988383 0.6167226819279528 0 0 170
0.0 0.5 0 0 170
0.4861849601988383 0.6167226819279528 0 0 170
0.48525323673427123 0.6205375304165193 0 0 170
0.0 0.5 0 0 170
0.48525323673427123 0.6205375304165193 0 0 170
0.48429158056431554 0.6243449435824274 0 0 170
0.0 0.5 0 0 170
0.48429158056431554 0.6243449435824274 0 0 170
0.48330005100845363 0.6281446865664984 0 0 170
0.0 0.5 0 0 170
0.48330005100845363 0.6281446865664984 0 0 170
0.48227870922889904 0.6319365249826865 0 0 170
0.0 0.5 0 0 170
0.48227870922889904 0.6319365249826865 0 0 170
0.48122761822682364 0.6357202249325371 0 0 170
0.0 0.5 0 0 170
0.48122761822682364 0.6357202249325371 0 0 170
0.48014684283847153 0.6394955530196147 0 0 170
0.0 0.5 0 0 170
0.48014684283847153 0.6394955530196147 0 0 170
0.4790364497311596 0.6432622763638991 0 0 170
0.0 0.5 0 0 170
0.4790364497311596 0.6432622763638991 0 0 170
0.47789650739916506 0.647020162616152 0 0 170
0.0 0.5 0 0 170
0.47789650739916506 0.647020162616152 0 0 170
0.4767270861595006 0.6507689799722478 0 0 170
0.0 0.5 0 0 170
0.4767270861595006 0.6507689799722478 0 0 170
0.47552825814757677 0.6545084971874737 0 0 170
0.0 0.5 0 0 170
0.47552825814757677 0.6545084971874737 0 0 170
0.4743000973127523 0.6582384835907931 0 0 170
0.0 0.5 0 0 170
0.4743000973127523 0.6582384835907931 0 0 170
0.47304267941377265 0.6619587090990747 0 0 170
0.0 0.5 0 0 170
0.47304267941377265 0.6619587090990747 0 0 170
0.4717560820140968 0.6656689442312855 0 0 170
0.0 0.5 0 0 170
0.4717560820140968 0.6656689442312855 0 0 170
0.4704403844771127 0.6693689601226457 0 0 170
0.0 0.5 0 0 170
0.4704403844771127 0.6693689601226457 0 0 170
0.4690956679612421 0.6730585285387465 0 0 170
0.0 0.5 0 0 170
0.4690956679612421 0.6730585285387465 0 0 170
0.4677220154149337 0.6767374218896286 0 0 170
0.0 0.5 0 0 170
0.4677220154149337 0.6767374218896286 0 0 170
0.46631951157154705 0.6804054132438209 0 0 170
0.0 0.5 0 0 170
0.46631951157154705 0.6804054132438209 0 0 170
0.4648882429441257 0.684062276342339 0 0 170
0.0 0.5 0 0 170
0.4648882429441257 0.684062276342339 0 0 170
0.4634282978200604 0.6877077856126416 0 0 170
0.0 0.5 0 0 170
0.4634282978200604 0.6877077856126416 0 0 170
0.46193976625564337 0.6913417161825449 0 0 170
0.0 0.5 0 0 170
0.46193976625564337 0.6913417161825449 0 0 170
0.46042274007051315 0.6949638438940942 0 0 170
0.0 0.5 0 0 170
0.46042274007051315 0.6949638438940942 0 0 170
0.45887731284199057 0.6985739453173903 0 0 170
0.0 0.5 0 0 170
0.45887731284199057 0.6985739453173903 0 0 170
0.4573035798993068 0.7021717977643724 0 0 170
0.0 0.5 0 0 170
0.4573035798993068 0.7021717977643724 0 0 170
0.45570163831772265 0.7057571793025544 0 0 170
0.0 0.5 0 0 170
0.45570163831772265 0.7057571793025544 0 0 170
0.4540715869125406 0.7093298687687141 0 0 170
0.0 0.5 0 0 170
0.4540715869125406 0.7093298687687141 0 0 170
0.45241352623300973 0.7128896457825363 0 0 170
0.0 0.5 0 0 170
0.45241352623300973 0.7128896457825363 0 0 170
0.45072755855612284 0.716436290760207 0 0 170
0.0 0.5 0 0 170
0.45072755855612284 0.716436290760207 0 0 170
0.4490137878803078 0.7199695849279576 0 0 170
0.0 0.5 0 0 170
0.4490137878803078 0.7199695849279576 0 0 170
0.44727231991901256 0.7234893103355606 0 0 170
0.0 0.5 0 0 170
0.44727231991901256 0.7234893103355606 0 0 170
0.44550326209418395 0.7269952498697734 0 0 170
0.0 0.5 0 0 170
0.44550326209418395 0.7269952498697734 0 0 170
0.4437067235296416 0.7304871872677312 0 0 170
0.0 0.5 0 0 170
0.4437067235296416 0.7304871872677312 0 0 170
0.44188281504434673 0.7339649071302867 0 0 170
0.0 0.5 0 0 170
0.44188281504434673 0.7339649071302867 0 0 170
0.440031649145566 0.7374281949352973 0 0 170
0.0 0.5 0 0 170
0.440031649145566 0.7374281949352973 0 0 170
0.4381533400219318 0.7408768370508576 0 0 170
0.0 0.5 0 0 170
0.4381533400219318 0.7408768370508576 0 0 170
0.4362480035363986 0.7443106207484774 0 0 170
0.0 0.5 0 0 170
0.4362480035363986 0.7443106207484774 0 0 170
0.4343157572190956 0.7477293342162038 0 0 170
0.0 0.5 0 0 170
0.4343157572190956 0.7477293342162038 0 0 170
0.43235672026007754 0.7511327665716863 0 0 170
0.0 0.5 0 0 170
0.43235672026007754 0.7511327665716863 0 0 170
0.4303710135019718 0.7545207078751857 0 0 170
0.0 0.5 0 0 170
0.4303710135019718 0.7545207078751857 0 0 170
0.4283587594325248 0.7578929491425237 0 0 170
0.0 0.5 0 0 170
0.4283587594325248 0.7578929491425237 0 0 170
0.4263200821770461 0.7612492823579744 0 0 170
0.0 0.5 0 0 170
0.4263200821770461 0.7612492823579744 0 0 170
0.42425510749075185 0.7645895004870953 0 0 170
0.0 0.5 0 0 170
0.42425510749075185 0.7645895004870953 0 0 170
0.42216396275100754 0.7679133974894983 0 0 170
0.0 0.5 0 0 170
0.42216396275100754 0.7679133974894983 0 0 170
0.4200467769494709 0.7712207683315594 0 0 170
0.0 0.5 0 0 170
0.4200467769494709 0.7712207683315594 0 0 170
0.41790368068413514 0.7745114089990659 0 0 170
0.0 0.5 0 0 170
0.41790368068413514 0.7745114089990659 0 0 170
0.4157348061512726 0.7777851165098011 0 0 170
0.0 0.5 0 0 170
0.4157348061512726 0.7777851165098011 0 0 170
0.4135402871372809 0.7810416889260653 0 0 170
0.0 0.5 0 0 170
0.4135402871372809 0.7810416889260653 0 0 170
0.4113202590104299 0.7842809253671319 0 0 170
0.0 0.5 0 0 170
0.4113202590104299 0.7842809253671319 0 0 170
0.4090748587125117 0.7875026260216393 0 0 170
0.0 0.5 0 0 170
0.4090748587125117 0.7875026260216393 0 0 170
0.4068042247503935 0.7907065921599152 0 0 170
0.0 0.5 0 0 170
0.4068042247503935 0.7907065921599152 0 0 170
0.4045084971874737 0.7938926261462366 0 0 170
0.0 0.5 0 0 170
0.4045084971874737 0.7938926261462366 0 0 170
0.40218781763504224 0.7970605314510193 0 0 170
0.0 0.5 0 0 170
0.40218781763504224 0.7970605314510193 0 0 170
0.3998423292435453 0.800210112662942 0 0 170
0.0 0.5 0 0 170
0.3998423292435453 0.800210112662942 0 0 170
0.397472176693755 0.8033411755009998 0 0 170
0.0 0.5 0 0 170
0.397472176693755 0.8033411755009998 0 0 170
0.39507750618784515 0.8064535268264883 0 0 170
0.0 0.5 0 0 170
0.39507750618784515 0.8064535268264883 0 0 170
0.3926584654403724 0.8095469746549171 0 0 170
0.0 0.5 0 0 170
0.3926584654403724 0.8095469746549171 0 0 170
0.39021520366916485 0.8126213281678526 0 0 170
0.0 0.5 0 0 170
0.39021520366916485 0.8126213281678526 0 0 170
0.38774787158611723 0.8156763977246888 0 0 170
0.0 0.5 0 0 170
0.38774787158611723 0.8156763977246888 0 0 170
0.38525662138789457 0.8187119948743449 0 0 170
0.0 0.5 0 0 170
0.38525662138789457 0.8187119948743449 0 0 170
0.38274160674654406 0.8217279323668895 0 0 170
0.0 0.5 0 0 170
0.38274160674654406 0.8217279323668895 0 0 170
0.38020298280001547 0.8247240241650919 0 0 170
0.0 0.5 0 0 170
0.38020298280001547 0.8247240241650919 0 0 170
0.37764090614259177 0.8277000854558969 0 0 170
0.0 0.5 0 0 170
0.37764090614259177 0.8277000854558969 0 0 170
0.3750555348152298 0.8306559326618259 0 0 170
0.0 0.5 0 0 170
0.3750555348152298 0.8306559326618259 0 0 170
0.372447028295811 0.8335913834522999 0 0 170
0.0 0.5 0 0 170
0.372447028295811 0.8335913834522999 0 0 170
0.36981554748930484 0.8365062567548867 0 0 170
0.0 0.5 0 0 170
0.36981554748930484 0.8365062567548867 0 0 170
0.3671612547178427 0.839400372766471 0 0 170
0.0 0.5 0 0 170
0.3671612547178427 0.839400372766471 0 0 170
0.3644843137107058 0.8422735529643444 0 0 170
0.0 0.5 0 0 170
0.3644843137107058 0.8422735529643444 0 0 170
0.36178488959422467 0.8451256201172186 0 0 170
0.0 0.5 0 0 170
0.36178488959422467 0.8451256201172186 0 0 170
0.3590631488815944 0.8479563982961572 0 0 170
0.0 0.5 0 0 170
0.3590631488815944 0.8479563982961572 0 0 170
0.3563192594626027 0.8507657128854278 0 0 170
0.0 0.5 0 0 170
0.3563192594626027 0.8507657128854278 0 0 170
0.35355339059327373 0.8535533905932737 0 0 170
0.0 0.5 0 0 170
0.35355339059327373 0.8535533905932737 0 0 170
0.35076571288542785 0.8563192594626028 0 0 170
0.0 0.5 0 0 170
0.35076571288542785 0.8563192594626028 0 0 170
0.34795639829615715 0.8590631488815944 0 0 170
0.0 0.5 0 0 170
0.34795639829615715 0.8590631488815944 0 0 170
0.34512562011721853 0.8617848895942246 0 0 170
0.0 0.5 0 0 170
0.34512562011721853 0.8617848895942246 0 0 170
0.3422735529643443 0.8644843137107058 0 0 170
0.0 0.5 0 0 170
0.3422735529643443 0.8644843137107058 0 0 170
0.33940037276647084 0.8671612547178428 0 0 170
0.0 0.5 0 0 170
0.33940037276647084 0.8671612547178428 0 0 170
0.33650625675488666 0.8698155474893048 0 0 170
0.0 0.5 0 0 170
0.33650625675488666 0.8698155474893048 0 0 170
0.33359138345229983 0.872447028295811 0 0 170
0.0 0.5 0 0 170
0.33359138345229983 0.872447028295811 0 0 170
0.3306559326618259 0.8750555348152298 0 0 170
0.0 0.5 0 0 170
0.3306559326618259 0.8750555348152298 0 0 170
0.32770008545589696 0.8776409061425918 0 0 170
0.0 0.5 0 0 170
0.32770008545589696 0.8776409061425918 0 0 170
0.3247240241650918 0.8802029828000155 0 0 170
0.0 0.5 0 0 170
0.3247240241650918 0.8802029828000155 0 0 170
0.32172793236688946 0.8827416067465441 0 0 170
0.0 0.5 0 0 170
0.32172793236688946 0.8827416067465441 0 0 170
0.3187119948743448 0.8852566213878946 0 0 170
0.0 0.5 0 0 170
0.3187119948743448 0.8852566213878946 0 0 170
0.3156763977246888 0.8877478715861172 0 0 170
0.0 0.5 0 0 170
0.3156763977246888 0.8877478715861172 0 0 170
0.3126213281678526 0.8902152036691648 0 0 170
0.0 0.5 0 0 170
0.3126213281678526 0.8902152036691648 0 0 170
0.309546974654917 0.8926584654403724 0 0 170
0.0 0.5 0 0 170
0.309546974654917 0.8926584654403724 0 0 170
0.30645352682648824 0.8950775061878452 0 0 170
0.0 0.5 0 0 170
0.30645352682648824 0.8950775061878452 0 0 170
0.3033411755009998 0.897472176693755 0 0 170
0.0 0.5 0 0 170
0.3033411755009998 0.897472176693755 0 0 170
0.300210112662942 0.8998423292435453 0 0 170
0.0 0.5 0 0 170
0.300210112662942 0.8998423292435453 0 0 170
0.29706053145101924 0.9021878176350422 0 0 170
0.0 0.5 0 0 170
0.29706053145101924 0.9021878176350422 0 0 170
0.2938926261462365 0.9045084971874737 0 0 170
0.0 0.5 0 0 170
0.2938926261462365 0.9045084971874737 0 0 170
0.2907065921599153 0.9068042247503936 0 0 170
0.0 0.5 0 0 170
0.2907065921599153 0.9068042247503936 0 0 170
0.28750262602163923 0.9090748587125117 0 0 170
0.0 0.5 0 0 170
0.28750262602163923 0.9090748587125117 0 0 170
0.28428092536713195 0.9113202590104299 0 0 170
0.0 0.5 0 0 170
0.28428092536713195 0.9113202590104299 0 0 170
0.2810416889260653 0.9135402871372809 0 0 170
0.0 0.5 0 0 170
0.2810416889260653 0.9135402871372809 0 0 170
0.2777851165098011 0.9157348061512727 0 0 170
0.0 0.5 0 0 170
0.2777851165098011 0.9157348061512727 0 0 170
0.27451140899906584 0.9179036806841352 0 0 170
0.0 0.5 0 0 170
0.27451140899906584 0.9179036806841352 0 0 170
0.27122076833155934 0.9200467769494709 0 0 170
0.0 0.5 0 0 170
0.27122076833155934 0.9200467769494709 0 0 170
0.2679133974894983 0.9221639627510075 0 0 170
0.0 0.5 0 0 170
0.2679133974894983 0.9221639627510075 0 0 170
0.2645895004870953 0.9242551074907519 0 0 170
0.0 0.5 0 0 170
0.2645895004870953 0.9242551074907519 0 0 170
0.26124928235797445 0.9263200821770461 0 0 170
0.0 0.5 0 0 170
0.26124928235797445 0.9263200821770461 0 0 170
0.25789294914252364 0.9283587594325249 0 0 170
0.0 0.5 0 0 170
0.25789294914252364 0.9283587594325249 0 0 170
0.2545207078751856 0.9303710135019718 0 0 170
0.0 0.5 0 0 170
0.2545207078751856 0.9303710135019718 0 0 170
0.25113276657168626 0.9323567202600775 0 0 170
0.0 0.5 0 0 170
0.25113276657168626 0.9323567202600775 0 0 170
0.24772933421620377 0.9343157572190957 0 0 170
0.0 0.5 0 0 170
0.24772933421620377 0.9343157572190957 0 0 170
0.24431062074847748 0.9362480035363985 0 0 170
0.0 0.5 0 0 170
0.24431062074847748 0.9362480035363985 0 0 170
0.24087683705085758 0.9381533400219318 0 0 170
0.0 0.5 0 0 170
0.24087683705085758 0.9381533400219318 0 0 170
0.23742819493529727 0.940031649145566 0 0 170
0.0 0.5 0 0 170
0.23742819493529727 0.940031649145566 0 0 170
0.23396490713028667 0.9418828150443468 0 0 170
0.0 0.5 0 0 170
0.23396490713028667 0.9418828150443468 0 0 170
0.23048718726773118 0.9437067235296417 0 0 170
0.0 0.5 0 0 170
0.23048718726773118 0.9437067235296417 0 0 170
0.2269952498697734 0.9455032620941839 0 0 170
0.0 0.5 0 0 170
0.2269952498697734 0.9455032620941839 0 0 170
0.2234893103355605 0.9472723199190125 0 0 170
0.0 0.5 0 0 170
0.2234893103355605 0.9472723199190125 0 0 170
0.21996958492795754 0.9490137878803078 0 0 170
0.0 0.5 0 0 170
0.21996958492795754 0.9490137878803078 0 0 170
0.21643629076020696 0.9507275585561228 0 0 170
0.0 0.5 0 0 170
0.21643629076020696 0.9507275585561228 0 0 170
0.21288964578253633 0.9524135262330098 0 0 170
0.0 0.5 0 0 170
0.21288964578253633 0.9524135262330098 0 0 170
0.20932986876871407 0.9540715869125407 0 0 170
0.0 0.5 0 0 170
0.20932986876871407 0.9540715869125407 0 0 170
0.20575717930255433 0.9557016383177226 0 0 170
0.0 0.5 0 0 170
0.20575717930255433 0.9557016383177226 0 0 170
0.20217179776437247 0.9573035798993068 0 0 170
0.0 0.5 0 0 170
0.20217179776437247 0.9573035798993068 0 0 170
0.19857394531739028 0.9588773128419905 0 0 170
0.0 0.5 0 0 170
0.19857394531739028 0.9588773128419905 0 0 170
0.19496384389409413 0.9604227400705132 0 0 170
0.0 0.5 0 0 170
0.19496384389409413 0.9604227400705132 0 0 170
0.19134171618254492 0.9619397662556434 0 0 170
0.0 0.5 0 0 170
0.19134171618254492 0.9619397662556434 0 0 170
0.18770778561264148 0.9634282978200605 0 0 170
0.0 0.5 0 0 170
0.18770778561264148 0.9634282978200605 0 0 170
0.18406227634233893 0.9648882429441257 0 0 170
0.0 0.5 0 0 170
0.18406227634233893 0.9648882429441257 0 0 170
0.18040541324382087 0.966319511571547 0 0 170
0.0 0.5 0 0 170
0.18040541324382087 0.966319511571547 0 0 170
0.17673742188962857 0.9677220154149337 0 0 170
0.0 0.5 0 0 170
0.17673742188962857 0.9677220154149337 0 0 170
0.1730585285387465 0.9690956679612421 0 0 170
0.0 0.5 0 0 170
0.1730585285387465 0.9690956679612421 0 0 170
0.16936896012264563 0.9704403844771128 0 0 170
0.0 0.5 0 0 170
0.16936896012264563 0.9704403844771128 0 0 170
0.16566894423128545 0.9717560820140968 0 0 170
0.0 0.5 0 0 170
0.16566894423128545 0.9717560820140968 0 0 170
0.1619587090990747 0.9730426794137726 0 0 170
0.0 0.5 0 0 170
0.1619587090990747 0.9730426794137726 0 0 170
0.15823848359079307 0.9743000973127522 0 0 170
0.0 0.5 0 0 170
0.15823848359079307 0.9743000973127522 0 0 170
0.15450849718747373 0.9755282581475768 0 0 170
0.0 0.5 0 0 170
0.15450849718747373 0.9755282581475768 0 0 170
0.15076897997224778 0.9767270861595007 0 0 170
0.0 0.5 0 0 170
0.15076897997224778 0.9767270861595007 0 0 170
0.14702016261615194 0.977896507399165 0 0 170
0.0 0.5 0 0 170
0.14702016261615194 0.977896507399165 0 0 170
0.14326227636389913 0.9790364497311597 0 0 170
0.0 0.5 0 0 170
0.14326227636389913 0.9790364497311597 0 0 170
0.13949555301961464 0.9801468428384715 0 0 170
0.0 0.5 0 0 170
0.13949555301961464 0.9801468428384715 0 0 170
0.13572022493253705 0.9812276182268237 0 0 170
0.0 0.5 0 0 170
0.13572022493253705 0.9812276182268237 0 0 170
0.13193652498268638 0.982278709228899 0 0 170
0.0 0.5 0 0 170
0.13193652498268638 0.982278709228899 0 0 170
0.12814468656649827 0.9833000510084537 0 0 170
0.0 0.5 0 0 170
0.12814468656649827 0.9833000510084537 0 0 170
0.12434494358242737 0.9842915805643155 0 0 170
0.0 0.5 0 0 170
0.12434494358242737 0.9842915805643155 0 0 170
0.12053753041651934 0.9852532367342712 0 0 170
0.0 0.5 0 0 170
0.12053753041651934 0.9852532367342712 0 0 170
0.11672268192795263 0.9861849601988384 0 0 170
0.0 0.5 0 0 170
0.11672268192795263 0.9861849601988384 0 0 170
0.11290063343455178 0.9870866934849247 0 0 170
0.0 0.5 0 0 170
0.11290063343455178 0.9870866934849247 0 0 170
0.10907162069827124 0.9879583809693737 0 0 170
0.0 0.5 0 0 170
0.10907162069827124 0.9879583809693737 0 0 170
0.10523587991065281 0.9887999688823954 0 0 170
0.0 0.5 0 0 170
0.10523587991065281 0.9887999688823954 0 0 170
0.10139364767825625 0.9896114053108829 0 0 170
0.0 0.5 0 0 170
0.10139364767825625 0.9896114053108829 0 0 170
0.09754516100806405 0.9903926402016152 0 0 170
0.0 0.5 0 0 170
0.09754516100806405 0.9903926402016152 0 0 170
0.09369065729286226 0.9911436253643444 0 0 170
0.0 0.5 0 0 170
0.09369065729286226 0.9911436253643444 0 0 170
0.08983037429659624 0.991864314474768 0 0 170
0.0 0.5 0 0 170
0.08983037429659624 0.991864314474768 0 0 170
0.08596455013970476 0.9925546630773869 0 0 170
0.0 0.5 0 0 170
0.08596455013970476 0.9925546630773869 0 0 170
0.08209342328443148 0.9932146285882477 0 0 170
0.0 0.5 0 0 170
0.08209342328443148 0.9932146285882477 0 0 170
0.07821723252011535 0.9938441702975689 0 0 170
0.0 0.5 0 0 170
0.07821723252011535 0.9938441702975689 0 0 170
0.07433621694846143 0.9944432493722524 0 0 170
0.0 0.5 0 0 170
0.07433621694846143 0.9944432493722524 0 0 170
0.07045061596879129 0.9950118288582788 0 0 170
0.0 0.5 0 0 170
0.07045061596879129 0.9950118288582788 0 0 170
0.06656066926327617 0.9955498736829874 0 0 170
0.0 0.5 0 0 170
0.06656066926327617 0.9955498736829874 0 0 170
0.06266661678215213 0.996057350657239 0 0 170
0.0 0.5 0 0 170
0.06266661678215213 0.996057350657239 0 0 170
0.05876869872891874 0.9965342284774632 0 0 170
0.0 0.5 0 0 170
0.05876869872891874 0.9965342284774632 0 0 170
0.05486715554552257 0.9969804777275899 0 0 170
0.0 0.5 0 0 170
0.05486715554552257 0.9969804777275899 0 0 170
0.050962227897524984 0.9973960708808632 0 0 170
0.0 0.5 0 0 170
0.050962227897524984 0.9973960708808632 0 0 170
0.04705415665925714 0.99778098230154 0 0 170
0.0 0.5 0 0 170
0.04705415665925714 0.99778098230154 0 0 170
0.04314318289896169 0.9981351882464706 0 0 170
0.0 0.5 0 0 170
0.04314318289896169 0.9981351882464706 0 0 170
0.03922954786392239 0.998458666866564 0 0 170
0.0 0.5 0 0 170
0.03922954786392239 0.998458666866564 0 0 170
0.03531349296558328 0.9987513982081351 0 0 170
0.0 0.5 0 0 170
0.03531349296558328 0.9987513982081351 0 0 170
0.03139525976465665 0.9990133642141358 0 0 170
0.0 0.5 0 0 170
0.03139525976465665 0.9990133642141358 0 0 170
0.02747508995622286 0.999244548725269 0 0 170
0.0 0.5 0 0 170
0.02747508995622286 0.999244548725269 0 0 170
0.02355322535482134 0.9994449374809851 0 0 170
0.0 0.5 0 0 170
0.02355322535482134 0.9994449374809851 0 0 170
0.019629907879534222 0.9996145181203615 0 0 170
0.0 0.5 0 0 170
0.019629907879534222 0.9996145181203615 0 0 170
0.015705379539064087 0.9997532801828658 0 0 170
0.0 0.5 0 0 170
0.015705379539064087 0.9997532801828658 0 0 170
0.01177988241680504 0.9998612151090003 0 0 170
0.0 0.5 0 0 170
0.01177988241680504 0.9998612151090003 0 0 170
0.007853658655910324 0.9999383162408303 0 0 170
0.0 0.5 0 0 170
0.007853658655910324 0.9999383162408303 0 0 170
0.003926950444355675 0.9999845788223949 0 0 170
0.0 0.5 0 0 170
0.003926950444355675 0.9999845788223949 0 0 170
-8.040613248383182e-17 1.0 0 0 170
0.0 0.5 0 0 170
-8.040613248383182e-17 1.0 0 0 170
-0.003926950444355725 0.9999845788223949 0 0 170
0.0 0.5 0 0 170
-0.003926950444355725 0.9999845788223949 0 0 170
-0.007853658655910374 0.9999383162408303 0 0 170
0.0 0.5 0 0 170
-0.007853658655910374 0.9999383162408303 0 0 170
-0.01177988241680509 0.9998612151090003 0 0 170
0.0 0.5 0 0 170
-0.01177988241680509 0.9998612151090003 0 0 170
-0.01570537953906414 0.9997532801828658 0 0 170
0.0 0.5 0 0 170
-0.01570537953906414 0.9997532801828658 0 0 170
-0.019629907879534385 0.9996145181203615 0 0 170
0.0 0.5 0 0 170
-0.019629907879534385 0.9996145181203615 0 0 170
-0.023553225354821388 0.9994449374809851 0 0 170
0.0 0.5 0 0 170
-0.023553225354821388 0.9994449374809851 0 0 170
-0.027475089956222908 0.999244548725269 0 0 170
0.0 0.5 0 0 170
-0.027475089956222908 0.999244548725269 0 0 170
-0.0313952597646567 0.9990133642141358 0 0 170
0.0 0.5 0 0 170
-0.0313952597646567 0.9990133642141358 0 0 170
-0.03531349296558333 0.9987513982081351 0 0 170
0.0 0.5 0 0 170
-0.03531349296558333 0.9987513982081351 0 0 170
-0.03922954786392255 0.998458666866564 0 0 170
0.0 0.5 0 0 170
-0.03922954786392255 0.998458666866564 0 0 170
-0.04314318289896175 0.9981351882464706 0 0 170
0.0 0.5 0 0 170
-0.04314318289896175 0.9981351882464706 0 0 170
-0.04705415665925719 0.99778098230154 0 0 170
0.0 0.5 0 0 170
-0.04705415665925719 0.99778098230154 0 0 170
-0.05096222789752503 0.9973960708808632 0 0 170
0.0 0.5 0 0 170
-0.05096222789752503 0.9973960708808632 0 0 170
-0.05486715554552262 0.9969804777275899 0 0 170
0.0 0.5 0 0 170
-0.05486715554552262 0.9969804777275899 0 0 170
-0.0587686987289189 0.9965342284774632 0 0 170
0.0 0.5 0 0 170
-0.0587686987289189 0.9965342284774632 0 0 170
-0.06266661678215218 0.9960573506572389 0 0 170
0.0 0.5 0 0 170
-0.06266661678215218 0.9960573506572389 0 0 170
-0.06656066926327621 0.9955498736829873 0 0 170
0.0 0.5 0 0 170
-0.06656066926327621 0.9955498736829873 0 0 170
-0.07045061596879135 0.9950118288582788 0 0 170
0.0 0.5 0 0 170
-0.07045061596879135 0.9950118288582788 0 0 170
-0.07433621694846149 0.9944432493722524 0 0 170
0.0 0.5 0 0 170
-0.07433621694846149 0.9944432493722524 0 0 170
-0.07821723252011552 0.9938441702975689 0 0 170
0.0 0.5 0 0 170
-0.07821723252011552 0.9938441702975689 0 0 170
-0.08209342328443152 0.9932146285882477 0 0 170
0.0 0.5 0 0 170
-0.08209342328443152 0.9932146285882477 0 0 170
-0.0859645501397048 0.9925546630773869 0 0 170
0.0 0.5 0 0 170
-0.0859645501397048 0.9925546630773869 0 0 170
-0.08983037429659628 0.9918643144747679 0 0 170
0.0 0.5 0 0 170
-0.08983037429659628 0.9918643144747679 0 0 170
-0.09369065729286241 0.9911436253643443 0 0 170
0.0 0.5 0 0 170
-0.09369065729286241 0.9911436253643443 0 0 170
-0.09754516100806421 0.9903926402016152 0 0 170
0.0 0.5 0 0 170
-0.09754516100806421 0.9903926402016152 0 0 170
-0.10139364767825629 0.9896114053108829 0 0 170
0.0 0.5 0 0 170
-0.10139364767825629 0.9896114053108829 0 0 170
-0.10523587991065286 0.9887999688823954 0 0 170
0.0 0.5 0 0 170
-0.10523587991065286 0.9887999688823954 0 0 170
-0.10907162069827128 0.9879583809693737 0 0 170
0.0 0.5 0 0 170
-0.10907162069827128 0.9879583809693737 0 0 170
-0.11290063343455194 0.9870866934849247 0 0 170
0.0 0.5 0 0 170
-0.11290063343455194 0.9870866934849247 0 0 170
-0.11672268192795278 0.9861849601988383 0 0 170
0.0 0.5 0 0 170
-0.11672268192795278 0.9861849601988383 0 0 170
-0.12053753041651938 0.9852532367342712 0 0 170
0.0 0.5 0 0 170
-0.12053753041651938 0.9852532367342712 0 0 170
-0.12434494358242743 0.9842915805643155 0 0 170
0.0 0.5 0 0 170
-0.12434494358242743 0.9842915805643155 0 0 170
-0.12814468656649833 0.9833000510084536 0 0 170
0.0 0.5 0 0 170
-0.12814468656649833 0.9833000510084536 0 0 170
-0.13193652498268654 0.982278709228899 0 0 170
0.0 0.5 0 0 170
-0.13193652498268654 0.982278709228899 0 0 170
-0.1357202249325372 0.9812276182268236 0 0 170
0.0 0.5 0 0 170
-0.1357202249325372 0.9812276182268236 0 0 170
-0.13949555301961467 0.9801468428384715 0 0 170
0.0 0.5 0 0 170
-0.13949555301961467 0.9801468428384715 0 0 170
-0.14326227636389918 0.9790364497311596 0 0 170
0.0 0.5 0 0 170
-0.14326227636389918 0.9790364497311596 0 0 170
-0.147020162616152 0.977896507399165 0 0 170
0.0 0.5 0 0 170
-0.147020162616152 0.977896507399165 0 0 170
-0.15076897997224795 0.9767270861595005 0 0 170
0.0 0.5 0 0 170
-0.15076897997224795 0.9767270861595005 0 0 170
-0.15450849718747378 0.9755282581475768 0 0 170
0.0 0.5 0 0 170
-0.15450849718747378 0.9755282581475768 0 0 170
-0.1582384835907931 0.9743000973127522 0 0 170
0.0 0.5 0 0 170
-0.1582384835907931 0.9743000973127522 0 0 170
-0.16195870909907473 0.9730426794137726 0 0 170
0.0 0.5 0 0 170
-0.16195870909907473 0.9730426794137726 0 0 170
-0.1656689442312855 0.9717560820140968 0 0 170
0.0 0.5 0 0 170
-0.1656689442312855 0.9717560820140968 0 0 170
-0.16936896012264577 0.9704403844771128 0 0 170
0.0 0.5 0 0 170
-0.16936896012264577 0.9704403844771128 0 0 170
-0.17305852853874656 0.969095667961242 0 0 170
0.0 0.5 0 0 170
-0.17305852853874656 0.969095667961242 0 0 170
-0.1767374218896286 0.9677220154149336 0 0 170
0.0 0.5 0 0 170
-0.1767374218896286 0.9677220154149336 0 0 170
-0.18040541324382092 0.966319511571547 0 0 170
0.0 0.5 0 0 170
-0.18040541324382092 0.966319511571547 0 0 170
-0.184062276342339 0.9648882429441257 0 0 170
0.0 0.5 0 0 170
-0.184062276342339 0.9648882429441257 0 0 170
-0.18770778561264162 0.9634282978200603 0 0 170
0.0 0.5 0 0 170
-0.18770778561264162 0.9634282978200603 0 0 170
-0.19134171618254495 0.9619397662556434 0 0 170
0.0 0.5 0 0 170
-0.19134171618254495 0.9619397662556434 0 0 170
-0.19496384389409419 0.9604227400705131 0 0 170
0.0 0.5 0 0 170
-0.19496384389409419 0.9604227400705131 0 0 170
-0.19857394531739034 0.9588773128419905 0 0 170
0.0 0.5 0 0 170
-0.19857394531739034 0.9588773128419905 0 0 170
-0.2021717977643725 0.9573035798993068 0 0 170
0.0 0.5 0 0 170
-0.2021717977643725 0.9573035798993068 0 0 170
-0.20575717930255447 0.9557016383177226 0 0 170
0.0 0.5 0 0 170
-0.20575717930255447 0.9557016383177226 0 0 170
-0.20932986876871412 0.9540715869125407 0 0 170
0.0 0.5 0 0 170
-0.20932986876871412 0.9540715869125407 0 0 170
-0.21288964578253636 0.9524135262330098 0 0 170
0.0 0.5 0 0 170
-0.21288964578253636 0.9524135262330098 0 0 170
-0.21643629076020698 0.9507275585561228 0 0 170
0.0 0.5 0 0 170
-0.21643629076020698 0.9507275585561228 0 0 170
-0.21996958492795757 0.9490137878803078 0 0 170
0.0 0.5 0 0 170
-0.21996958492795757 0.9490137878803078 0 0 170
-0.22348931033556055 0.9472723199190125 0 0 170
0.0 0.5 0 0 170
-0.22348931033556055 0.9472723199190125 0 0 170
-0.22699524986977335 0.9455032620941839 0 0 170
0.0 0.5 0 0 170
-0.22699524986977335 0.9455032620941839 0 0 170
-0.23048718726773132 0.9437067235296415 0 0 170
0.0 0.5 0 0 170
-0.23048718726773132 0.9437067235296415 0 0 170
-0.2339649071302868 0.9418828150443466 0 0 170
0.0 0.5 0 0 170
-0.2339649071302868 0.9418828150443466 0 0 170
-0.2374281949352974 0.9400316491455659 0 0 170
0.0 0.5 0 0 170
-0.2374281949352974 0.9400316491455659 0 0 170
-0.24087683705085772 0.9381533400219317 0 0 170
0.0 0.5 0 0 170
-0.24087683705085772 0.9381533400219317 0 0 170
-0.24431062074847754 0.9362480035363985 0 0 170
0.0 0.5 0 0 170
-0.24431062074847754 0.9362480035363985 0 0 170
-0.2477293342162038 0.9343157572190957 0 0 170
0.0 0.5 0 0 170
-0.2477293342162038 0.9343157572190957 0 0 170
-0.25113276657168626 0.9323567202600775 0 0 170
0.0 0.5 0 0 170
-0.25113276657168626 0.9323567202600775 0 0 170
-0.25452070787518566 0.9303710135019718 0 0 170
0.0 0.5 0 0 170
-0.25452070787518566 0.9303710135019718 0 0 170
-0.2578929491425237 0.9283587594325249 0 0 170
0.0 0.5 0 0 170
-0.2578929491425237 0.9283587594325249 0 0 170
-0.2612492823579744 0.9263200821770461 0 0 170
0.0 0.5 0 0 170
-0.2612492823579744 0.9263200821770461 0 0 170
-0.26458950048709545 0.9242551074907517 0 0 170
0.0 0.5 0 0 170
-0.26458950048709545 0.9242551074907517 0 0 170
-0.26791339748949844 0.9221639627510074 0 0 170
0.0 0.5 0 0 170
-0.26791339748949844 0.9221639627510074 0 0 170
-0.27122076833155945 0.9200467769494709 0 0 170
0.0 0.5 0 0 170
-0.27122076833155945 0.9200467769494709 0 0 170
-0.27451140899906595 0.9179036806841351 0 0 170
0.0 0.5 0 0 170
-0.27451140899906595 0.9179036806841351 0 0 170
-0.27778511650980114 0.9157348061512726 0 0 170
0.0 0.5 0 0 170
-0.27778511650980114 0.9157348061512726 0 0 170
-0.28104168892606535 0.9135402871372809 0 0 170
0.0 0.5 0 0 170
-0.28104168892606535 0.9135402871372809 0 0 170
-0.284280925367132 0.9113202590104299 0 0 170
0.0 0.5 0 0 170
-0.284280925367132 0.9113202590104299 0 0 170
-0.2875026260216393 0.9090748587125117 0 0 170
0.0 0.5 0 0 170
-0.2875026260216393 0.9090748587125117 0 0 170
-0.2907065921599153 0.9068042247503936 0 0 170
0.0 0.5 0 0 170
-0.2907065921599153 0.9068042247503936 0 0 170
-0.2938926261462365 0.9045084971874737 0 0 170
0.0 0.5 0 0 170
-0.2938926261462365 0.9045084971874737 0 0 170
-0.2970605314510194 0.9021878176350422 0 0 170
0.0 0.5 0 0 170
-0.2970605314510194 0.9021878176350422 0 0 170
-0.3002101126629421 0.8998423292435451 0 0 170
0.0 0.5 0 0 170
-0.3002101126629421 0.8998423292435451 0 0 170
-0.3033411755009999 0.897472176693755 0 0 170
0.0 0.5 0 0 170
-0.3033411755009999 0.897472176693755 0 0 170
-0.3064535268264883 0.8950775061878451 0 0 170
0.0 0.5 0 0 170
-0.3064535268264883 0.8950775061878451 0 0 170
-0.30954697465491704 0.8926584654403724 0 0 170
0.0 0.5 0 0 170
-0.30954697465491704 0.8926584654403724 0 0 170
-0.3126213281678526 0.8902152036691648 0 0 170
0.0 0.5 0 0 170
-0.3126213281678526 0.8902152036691648 0 0 170
-0.31567639772468886 0.8877478715861172 0 0 170
0.0 0.5 0 0 170
-0.31567639772468886 0.8877478715861172 0 0 170
-0.3187119948743449 0.8852566213878946 0 0 170
0.0 0.5 0 0 170
-0.3187119948743449 0.8852566213878946 0 0 170
-0.32172793236688946 0.8827416067465441 0 0 170
0.0 0.5 0 0 170
-0.32172793236688946 0.8827416067465441 0 0 170
-0.3247240241650918 0.8802029828000155 0 0 170
0.0 0.5 0 0 170
-0.3247240241650918 0.8802029828000155 0 0 170
-0.32770008545589707 0.8776409061425917 0 0 170
0.0 0.5 0 0 170
-0.32770008545589707 0.8776409061425917 0 0 170
-0.330655932661826 0.8750555348152297 0 0 170
0.0 0.5 0 0 170
-0.330655932661826 0.8750555348152297 0 0 170
-0.33359138345229994 0.872447028295811 0 0 170
0.0 0.5 0 0 170
-0.33359138345229994 0.872447028295811 0 0 170
-0.3365062567548867 0.8698155474893048 0 0 170
0.0 0.5 0 0 170
-0.3365062567548867 0.8698155474893048 0 0 170
-0.3394003727664709 0.8671612547178427 0 0 170
0.0 0.5 0 0 170
-0.3394003727664709 0.8671612547178427 0 0 170
-0.34227355296434436 0.8644843137107057 0 0 170
0.0 0.5 0 0 170
-0.34227355296434436 0.8644843137107057 0 0 170
-0.3451256201172186 0.8617848895942246 0 0 170
0.0 0.5 0 0 170
-0.3451256201172186 0.8617848895942246 0 0 170
-0.34795639829615715 0.8590631488815944 0 0 170
0.0 0.5 0 0 170
-0.34795639829615715 0.8590631488815944 0 0 170
-0.35076571288542785 0.8563192594626028 0 0 170
0.0 0.5 0 0 170
-0.35076571288542785 0.8563192594626028 0 0 170
-0.35355339059327373 0.8535533905932737 0 0 170
0.0 0.5 0 0 170
-0.35355339059327373 0.8535533905932737 0 0 170
-0.3563192594626028 0.8507657128854278 0 0 170
0.0 0.5 0 0 170
-0.3563192594626028 0.8507657128854278 0 0 170
-0.3590631488815945 0.8479563982961571 0 0 170
0.0 0.5 0 0 170
-0.3590631488815945 0.8479563982961571 0 0 170
-0.3617848895942247 0.8451256201172185 0 0 170
0.0 0.5 0 0 170
-0.3617848895942247 0.8451256201172185 0 0 170
-0.36448431371070583 0.8422735529643443 0 0 170
0.0 0.5 0 0 170
-0.36448431371070583 0.8422735529643443 0 0 170
-0.36716125471784283 0.8394003727664708 0 0 170
0.0 0.5 0 0 170
-0.36716125471784283 0.8394003727664708 0 0 170
-0.3698155474893049 0.8365062567548867 0 0 170
0.0 0.5 0 0 170
-0.3698155474893049 0.8365062567548867 0 0 170
-0.37244702829581106 0.8335913834522999 0 0 170
0.0 0.5 0 0 170
-0.37244702829581106 0.8335913834522999 0 0 170
-0.3750555348152298 0.8306559326618259 0 0 170
0.0 0.5 0 0 170
-0.3750555348152298 0.8306559326618259 0 0 170
-0.37764090614259177 0.8277000854558969 0 0 170
0.0 0.5 0 0 170
-0.37764090614259177 0.8277000854558969 0 0 170
-0.38020298280001547 0.8247240241650919 0 0 170
0.0 0.5 0 0 170
-0.38020298280001547 0.8247240241650919 0 0 170
-0.38274160674654417 0.8217279323668893 0 0 170
0.0 0.5 0 0 170
-0.38274160674654417 0.8217279323668893 0 0 170
-0.3852566213878947 0.8187119948743448 0 0 170
0.0 0.5 0 0 170
-0.3852566213878947 0.8187119948743448 0 0 170
-0.3877478715861173 0.8156763977246888 0 0 170
0.0 0.5 0 0 170
-0.3877478715861173 0.8156763977246888 0 0 170
-0.3902152036691649 0.8126213281678525 0 0 170
0.0 0.5 0 0 170
-0.3902152036691649 0.8126213281678525 0 0 170
-0.39265846544037253 0.8095469746549169 0 0 170
0.0 0.5 0 0 170
-0.39265846544037253 0.8095469746549169 0 0 170
-0.3950775061878452 0.8064535268264882 0 0 170
0.0 0.5 0 0 170
-0.3950775061878452 0.8064535268264882 0 0 170
-0.397472176693755 0.8033411755009998 0 0 170
0.0 0.5 0 0 170
-0.397472176693755 0.8033411755009998 0 0 170
-0.3998423292435453 0.800210112662942 0 0 170
0.0 0.5 0 0 170
-0.3998423292435453 0.800210112662942 0 0 170
-0.40218781763504224 0.7970605314510193 0 0 170
0.0 0.5 0 0 170
-0.40218781763504224 0.7970605314510193 0 0 170
-0.40450849718747367 0.7938926261462367 0 0 170
0.0 0.5 0 0 170
-0.40450849718747367 0.7938926261462367 0 0 170
-0.4068042247503936 0.7907065921599152 0 0 170
0.0 0.5 0 0 170
-0.4068042247503936 0.7907065921599152 0 0 170
-0.4090748587125118 0.7875026260216391 0 0 170
0.0 0.5 0 0 170
-0.4090748587125118 0.7875026260216391 0 0 170
-0.41132025901042996 0.7842809253671319 0 0 170
0.0 0.5 0 0 170
-0.41132025901042996 0.7842809253671319 0 0 170
-0.41354028713728097 0.7810416889260652 0 0 170
0.0 0.5 0 0 170
-0.41354028713728097 0.7810416889260652 0 0 170
-0.4157348061512727 0.7777851165098011 0 0 170
0.0 0.5 0 0 170
-0.4157348061512727 0.7777851165098011 0 0 170
-0.41790368068413514 0.7745114089990659 0 0 170
0.0 0.5 0 0 170
-0.41790368068413514 0.7745114089990659 0 0 170
-0.42004677694947096 0.7712207683315594 0 0 170
0.0 0.5 0 0 170
-0.42004677694947096 0.7712207683315594 0 0 170
-0.42216396275100754 0.7679133974894983 0 0 170
0.0 0.5 0 0 170
-0.42216396275100754 0.7679133974894983 0 0 170
-0.4242551074907518 0.7645895004870953 0 0 170
0.0 0.5 0 0 170
-0.4242551074907518 0.7645895004870953 0 0 170
-0.4263200821770462 0.7612492823579743 0 0 170
0.0 0.5 0 0 170
-0.4263200821770462 0.7612492823579743 0 0 170
-0.4283587594325249 0.7578929491425236 0 0 170
0.0 0.5 0 0 170
-0.4283587594325249 0.7578929491425236 0 0 170
-0.4303710135019719 0.7545207078751855 0 0 170
0.0 0.5 0 0 170
-0.4303710135019719 0.7545207078751855 0 0 170
-0.4323567202600776 0.7511327665716862 0 0 170
0.0 0.5 0 0 170
-0.4323567202600776 0.7511327665716862 0 0 170
-0.43431575721909566 0.7477293342162037 0 0 170
0.0 0.5 0 0 170
-0.43431575721909566 0.7477293342162037 0 0 170
-0.4362480035363986 0.7443106207484774 0 0 170
0.0 0.5 0 0 170
-0.4362480035363986 0.7443106207484774 0 0 170
-0.4381533400219318 0.7408768370508576 0 0 170
0.0 0.5 0 0 170
-0.4381533400219318 0.7408768370508576 0 0 170
-0.440031649145566 0.7374281949352973 0 0 170
0.0 0.5 0 0 170
-0.440031649145566 0.7374281949352973 0 0 170
-0.44188281504434673 0.7339649071302867 0 0 170
0.0 0.5 0 0 170
-0.44188281504434673 0.7339649071302867 0 0 170
-0.4437067235296416 0.7304871872677312 0 0 170
0.0 0.5 0 0 170
-0.4437067235296416 0.7304871872677312 0 0 170
-0.445503262094184 0.7269952498697733 0 0 170
0.0 0.5 0 0 170
-0.445503262094184 0.7269952498697733 0 0 170
-0.4472723199190126 0.7234893103355604 0 0 170
0.0 0.5 0 0 170
-0.4472723199190126 0.7234893103355604 0 0 170
-0.4490137878803079 0.7199695849279575 0 0 170
0.0 0.5 0 0 170
-0.4490137878803079 0.7199695849279575 0 0 170
-0.4507275585561229 0.7164362907602069 0 0 170
0.0 0.5 0 0 170
-0.4507275585561229 0.7164362907602069 0 0 170
-0.4524135262330098 0.7128896457825362 0 0 170
0.0 0.5 0 0 170
-0.4524135262330098 0.7128896457825362 0 0 170
-0.4540715869125407 0.709329868768714 0 0 170
0.0 0.5 0 0 170
-0.4540715869125407 0.709329868768714 0 0 170
-0.45570163831772265 0.7057571793025543 0 0 170
0.0 0.5 0 0 170
-0.45570163831772265 0.7057571793025543 0 0 170
-0.4573035798993068 0.7021717977643724 0 0 170
0.0 0.5 0 0 170
-0.4573035798993068 0.7021717977643724 0 0 170
-0.45887731284199057 0.6985739453173903 0 0 170
0.0 0.5 0 0 170
-0.45887731284199057 0.6985739453173903 0 0 170
-0.4604227400705131 0.6949638438940942 0 0 170
0.0 0.5 0 0 170
-0.4604227400705131 0.6949638438940942 0 0 170
-0.4619397662556434 0.6913417161825447 0 0 170
0.0 0.5 0 0 170
-0.4619397662556434 0.6913417161825447 0 0 170
-0.46342829782006045 0.6877077856126415 0 0 170
0.0 0.5 0 0 170
-0.46342829782006045 0.6877077856126415 0 0 170
-0.46488824294412573 0.6840622763423388 0 0 170
0.0 0.5 0 0 170
-0.46488824294412573 0.6840622763423388 0 0 170
-0.4663195115715471 0.6804054132438209 0 0 170
0.0 0.5 0 0 170
-0.4663195115715471 0.6804054132438209 0 0 170
-0.4677220154149337 0.6767374218896285 0 0 170
0.0 0.5 0 0 170
-0.4677220154149337 0.6767374218896285 0 0 170
-0.4690956679612421 0.6730585285387465 0 0 170
0.0 0.5 0 0 170
-0.4690956679612421 0.6730585285387465 0 0 170
-0.4704403844771127 0.6693689601226457 0 0 170
0.0 0.5 0 0 170
-0.4704403844771127 0.6693689601226457 0 0 170
-0.4717560820140968 0.6656689442312855 0 0 170
0.0 0.5 0 0 170
-0.4717560820140968 0.6656689442312855 0 0 170
-0.47304267941377265 0.6619587090990747 0 0 170
0.0 0.5 0 0 170
-0.47304267941377265 0.6619587090990747 0 0 170
-0.4743000973127523 0.6582384835907931 0 0 170
0.0 0.5 0 0 170
-0.4743000973127523 0.6582384835907931 0 0 170
-0.4755282581475768 0.6545084971874735 0 0 170
0.0 0.5 0 0 170
-0.4755282581475768 0.6545084971874735 0 0 170
-0.47672708615950066 0.6507689799722477 0 0 170
0.0 0.5 0 0 170
-0.47672708615950066 0.6507689799722477 0 0 170
-0.4778965073991651 0.6470201626161518 0 0 170
0.0 0.5 0 0 170
-0.4778965073991651 0.6470201626161518 0 0 170
-0.4790364497311596 0.6432622763638991 0 0 170
0.0 0.5 0 0 170
-0.4790364497311596 0.6432622763638991 0 0 170
-0.48014684283847153 0.6394955530196146 0 0 170
0.0 0.5 0 0 170
-0.48014684283847153 0.6394955530196146 0 0 170
-0.48122761822682364 0.6357202249325371 0 0 170
0.0 0.5 0 0 170
-0.48122761822682364 0.6357202249325371 0 0 170
-0.48227870922889904 0.6319365249826864 0 0 170
0.0 0.5 0 0 170
-0.48227870922889904 0.6319365249826864 0 0 170
-0.48330005100845363 0.6281446865664984 0 0 170
0.0 0.5 0 0 170
-0.48330005100845363 0.6281446865664984 0 0 170
-0.48429158056431554 0.6243449435824274 0 0 170
0.0 0.5 0 0 170
-0.48429158056431554 0.6243449435824274 0 0 170
-0.48525323673427123 0.6205375304165194 0 0 170
0.0 0.5 0 0 170
-0.48525323673427123 0.6205375304165194 0 0 170
-0.48618496019883833 0.6167226819279525 0 0 170
0.0 0.5 0 0 170
-0.48618496019883833 0.6167226819279525 0 0 170
-0.4870866934849247 0.6129006334345517 0 0 170
0.0 0.5 0 0 170
-0.4870866934849247 0.6129006334345517 0 0 170
-0.4879583809693737 0.6090716206982711 0 0 170
0.0 0.5 0 0 170
-0.4879583809693737 0.6090716206982711 0 0 170
-0.48879996888239535 0.6052358799106528 0 0 170
0.0 0.5 0 0 170
-0.48879996888239535 0.6052358799106528 0 0 170
-0.48961140531088293 0.6013936476782562 0 0 170
0.0 0.5 0 0 170
-0.48961140531088293 0.6013936476782562 0 0 170
-0.4903926402016152 0.5975451610080641 0 0 170
0.0 0.5 0 0 170
-0.4903926402016152 0.5975451610080641 0 0 170
-0.49114362536434436 0.5936906572928623 0 0 170
0.0 0.5 0 0 170
-0.49114362536434436 0.5936906572928623 0 0 170
-0.49186431447476797 0.5898303742965962 0 0 170
0.0 0.5 0 0 170
-0.49186431447476797 0.5898303742965962 0 0 170
-0.49255466307738693 0.5859645501397048 0 0 170
0.0 0.5 0 0 170
-0.49255466307738693 0.5859645501397048 0 0 170
-0.4932146285882477 0.5820934232844315 0 0 170
0.0 0.5 0 0 170
-0.4932146285882477 0.5820934232844315 0 0 170
-0.4938441702975689 0.5782172325201153 0 0 170
0.0 0.5 0 0 170
-0.4938441702975689 0.5782172325201153 0 0 170
-0.4944432493722523 0.5743362169484614 0 0 170
0.0 0.5 0 0 170
-0.4944432493722523 0.5743362169484614 0 0 170
-0.4950118288582788 0.5704506159687912 0 0 170
0.0 0.5 0 0 170
-0.4950118288582788 0.5704506159687912 0 0 170
-0.4955498736829874 0.5665606692632761 0 0 170
0.0 0.5 0 0 170
-0.4955498736829874 0.5665606692632761 0 0 170
-0.49605735065723894 0.562666616782152 0 0 170
0.0 0.5 0 0 170
-0.49605735065723894 0.562666616782152 0 0 170
-0.49653422847746315 0.5587686987289188 0 0 170
0.0 0.5 0 0 170
-0.49653422847746315 0.5587686987289188 0 0 170
-0.49698047772758985 0.5548671555455226 0 0 170
0.0 0.5 0 0 170
-0.49698047772758985 0.5548671555455226 0 0 170
-0.49739607088086324 0.550962227897525 0 0 170
0.0 0.5 0 0 170
-0.49739607088086324 0.550962227897525 0 0 170
-0.49778098230154 0.5470541566592572 0 0 170
0.0 0.5 0 0 170
-0.49778098230154 0.5470541566592572 0 0 170
-0.49813518824647063 0.5431431828989615 0 0 170
0.0 0.5 0 0 170
-0.49813518824647063 0.5431431828989615 0 0 170
-0.498458666866564 0.5392295478639223 0 0 170
0.0 0.5 0 0 170
-0.498458666866564 0.5392295478639223 0 0 170
-0.4987513982081351 0.5353134929655832 0 0 170
0.0 0.5 0 0 170
-0.4987513982081351 0.5353134929655832 0 0 170
-0.4990133642141358 0.5313952597646565 0 0 170
0.0 0.5 0 0 170
-0.4990133642141358 0.5313952597646565 0 0 170
-0.49924454872526897 0.5274750899562228 0 0 170
0.0 0.5 0 0 170
-0.49924454872526897 0.5274750899562228 0 0 170
-0.499444937480985 0.5235532253548213 0 0 170
0.0 0.5 0 0 170
-0.499444937480985 0.5235532253548213 0 0 170
-0.49961451812036145 0.5196299078795342 0 0 170
0.0 0.5 0 0 170
-0.49961451812036145 0.5196299078795342 0 0 170
-0.4997532801828658 0.5157053795390641 0 0 170
0.0 0.5 0 0 170
-0.4997532801828658 0.5157053795390641 0 0 170
-0.4998612151090003 0.511779882416805 0 0 170
0.0 0.5 0 0 170
-0.4998612151090003 0.511779882416805 0 0 170
-0.4999383162408303 0.5078536586559104 0 0 170
0.0 0.5 0 0 170
-0.4999383162408303 0.5078536586559104 0 0 170
-0.49998457882239483 0.5039269504443555 0 0 170
0.0 0.5 0 0 170
-0.49998457882239483 0.5039269504443555 0 0 170
-0.5 0.49999999999999983 0 0 170
0.5 0.5 0 0 170
0.5 -0.5 0 0 170
-0.5 -0.5 0 0 170
-0.5 -0.5 0 0 170
-0.5 0.5 0 0 170
0.5 0.5 0 0 170
0.04999999999999999 0.475 202 202 202
0.04999999999999999 0.024999999999999994 202 202 202
-0.6499999999999999 0.024999999999999994 202 202 202
-0.6499999999999999 0.024999999999999994 202 202 202
-0.6499999999999999 0.475 202 202 202
0.04999999999999999 0.475 202 202 202
